1	16766	16857	2	2	1	1	0	13
1	18062	24737	2	2	0	0	1	16
1	112805	120774	2	2	1	0	1	10
1	188585	195262	2	2	0	0	1	16
1	289371	297344	2	2	1	0	1	10
1	494899	494991	2	2	1	2	1	45
1	498306	498398	2	2	1	0	2	29
1	501621	502464	2	2	1	0	1	45
1	720201	805798	2	2	0	0	2	19
1	729805	733306	2	2	1	0	3	29
1	743351	744194	2	2	1	0	1	45
1	756142	758966	2	2	1	0	1	28
1	769713	772975	2	2	1	1	0	11
1	1059847	1060276	1	1	0	1	0	41
1	1097288	1142403	1	1	0	1	0	36
1	1223358	1223831	2	2	1	1	0	11
1	1395538	1398232	2	2	1	1	0	5
1	1437485	1439080	1	1	1	1	0	10
1	1543988	1544862	2	2	1	1	0	12
1	1557272	1558060	1	1	0	0	1	28
1	1586711	1587622	2	2	0	0	1	44
1	1640453	1641047	2	2	1	0	1	31
1	1642509	1649498	2	2	1	1	0	29
1	1645263	1649498	2	2	1	1	0	34
1	1649638	1652438	2	2	1	1	0	10
1	1655485	1657255	2	2	1	0	1	39
1	1707585	1708179	2	2	1	0	1	31
1	1721712	1722587	2	2	1	0	1	39
1	1722832	1724257	2	2	1	1	0	8
1	1755477	1756257	2	2	1	1	0	15
1	1787438	1789052	2	2	1	1	0	10
1	1993723	1999556	2	2	0	0	1	27
1	6264696	6281101	2	2	1	1	0	12
1	6755059	6759325	1	1	0	0	1	37
1	7977739	7984893	1	1	1	1	0	36
1	8501205	8501757	1	1	0	0	2	34
1	8501505	8501883	1	1	0	0	1	32
1	8862946	8863234	2	2	1	1	0	42
1	8863344	8863890	2	2	1	2	0	48
1	8864093	8865284	2	2	1	1	0	39
1	8866502	8867116	2	2	1	1	0	24
1	8867251	8867987	2	2	1	3	0	39
1	8871987	8874823	2	2	1	1	0	35
1	8874918	8878579	2	2	1	2	0	39
1	9299568	9341790	2	2	0	1	0	46
1	9484397	9508554	1	1	0	0	1	17
1	9922038	9957259	2	2	0	0	1	36
1	9968215	9980799	1	1	0	0	1	33
1	9994979	9998222	2	2	0	0	1	25
1	10233873	10242747	2	2	0	0	1	31
1	10368539	10371140	1	1	1	1	0	45
1	10400573	10403070	1	1	1	1	0	37
1	11024336	11025109	1	1	1	1	0	27
1	11054886	11054961	2	2	1	1	0	8
1	11989344	11992554	1	1	1	1	0	29
1	12080717	12118269	2	2	0	0	1	40
1	12131219	12155987	1	1	0	0	1	38
1	15215432	15219325	1	1	1	1	0	29
1	15549600	15585834	1	1	0	0	1	39
1	15775465	15776186	1	1	0	0	1	37
1	15838648	15846540	1	1	0	0	1	34
1	15864406	15871529	1	1	0	0	1	42
1	15873137	15876201	1	1	1	1	0	10
1	16296611	16309698	2	2	0	1	0	16
1	16312877	16320585	2	2	0	0	1	33
1	16373509	16381854	1	1	0	0	1	23
1	16566460	16567178	2	2	1	1	0	50
1	16568031	16569072	2	2	1	1	0	10
1	16635169	16643027	2	2	0	1	0	35
1	16635169	16644645	2	2	0	1	0	35
1	17004822	17005013	2	2	1	1	0	13
1	17413179	17416479	2	2	0	1	0	12
1	17420829	17422202	2	2	1	1	0	16
1	17429200	17438229	2	2	1	1	0	7
1	17458194	17493421	1	1	0	0	1	42
1	19124691	19126445	2	2	1	1	0	14
1	19187302	19187440	2	2	1	2	0	46
1	19237239	19238016	2	2	1	1	0	12
1	19257146	19257453	1	1	1	1	0	14
1	19258554	19258680	1	1	1	1	0	40
1	19267462	19268571	2	2	1	2	9	36
1	19268702	19269271	2	2	1	1	0	14
1	19269372	19269582	2	2	1	0	1	13
1	19269680	19270450	2	2	1	1	0	17
1	19270556	19270747	2	2	1	2	0	41
1	19282893	19283995	2	2	1	1	9	35
1	19284126	19284685	2	2	1	3	0	20
1	19284786	19285017	2	2	1	0	1	26
1	19285115	19285887	2	2	1	1	0	19
1	19285993	19286184	2	2	1	3	0	48
1	19304387	19306017	2	2	1	58	9	50
1	19307102	19307313	2	2	1	41	2	47
1	19307411	19308157	2	2	1	43	0	48
1	19378654	19385504	2	2	1	1	0	12
1	19597110	19622099	1	1	1	4	0	42
1	19622148	19623473	1	1	1	4	0	11
1	20652972	20653626	2	2	1	1	0	13
1	20745092	20745542	2	2	1	1	0	9
1	20851479	20853559	2	2	1	1	0	8
1	20931891	20961344	2	2	0	1	0	39
1	20950109	20969473	2	2	1	1	0	13
1	21487644	21531055	1	1	0	0	1	13
1	21715458	21721035	2	2	1	1	0	11
1	21728720	21729703	2	2	1	1	0	13
1	23029783	23072788	1	1	0	0	1	41
1	23131000	23133544	2	2	0	0	1	22
1	23311323	23313552	2	2	1	1	0	14
1	23318689	23321527	2	2	1	1	0	29
1	23318698	23321527	0	0	1	1	0	34
1	23321664	23323555	2	2	1	1	0	46
1	23551457	23551620	2	2	0	1	0	47
1	23688738	23688777	1	1	0	1	0	41
1	23693914	23694659	1	1	1	5	0	37
1	23695909	23696343	1	1	1	1	0	37
1	23866199	23877521	1	1	0	0	1	32
1	23882069	23884452	2	2	0	0	1	44
1	23959999	23960928	1	1	1	96	0	46
1	23961135	23961439	1	1	1	279	0	49
1	24445245	24446828	1	1	0	1	0	25
1	24599809	24620395	2	2	0	0	1	45
1	25225101	25227441	2	2	1	2	0	17
1	25358030	25374170	2	2	0	0	1	46
1	25813994	25814076	1	1	1	1	0	9
1	25823129	25823643	1	1	1	1	0	14
1	26275454	26313948	1	1	0	1	0	25
1	26487297	26509104	2	2	0	1	0	13
1	26596393	26596871	1	1	0	0	1	45
1	26716857	26739119	2	2	0	0	1	48
1	26818162	26818289	1	1	0	0	1	45
1	26893449	26894235	2	2	1	1	0	13
1	26894249	26894397	2	2	0	1	0	13
1	26894411	26897300	2	2	1	1	0	13
1	27013967	27061716	2	2	0	0	1	16
1	27144796	27181781	1	1	0	0	1	25
1	27414964	27415984	2	2	1	1	0	13
1	27748269	27748624	1	1	0	0	1	34
1	27830892	27832755	1	1	1	1	0	26
1	27832817	27838698	1	1	1	1	0	13
1	27853469	27853644	1	1	0	0	1	23
1	27853469	27854215	1	1	0	0	1	23
1	27853596	27853791	1	1	0	0	2	24
1	27853596	27853890	1	1	0	0	2	24
1	27853596	27853989	1	1	0	0	2	24
1	27853842	27854215	1	1	0	0	1	23
1	27854040	27854215	1	1	0	0	1	23
1	27963694	27964184	1	1	1	1	0	32
1	27997379	27999959	2	2	1	1	0	12
1	28014186	28052712	1	1	0	0	1	16
1	28122688	28133348	2	2	0	0	1	14
1	28236453	28237836	1	1	1	1	0	9
1	28337779	28358586	2	2	0	0	1	49
1	28381394	28387822	1	1	0	1	0	27
1	28547731	28582998	2	2	0	0	1	21
1	28566526	28572707	1	1	0	0	1	32
1	28603575	28605371	2	2	1	1	0	33
1	28676990	28715538	1	1	0	0	1	39
1	28914769	28987430	1	1	1	1	0	10
1	29035924	29039253	1	1	1	1	0	7
1	29072893	29093688	2	2	0	0	1	28
1	29159487	29160374	2	2	1	1	0	9
1	31102014	31104086	1	1	0	2	0	28
1	31134914	31137355	1	1	0	0	1	42
1	31348975	31364031	1	1	1	1	0	16
1	31633315	31635221	2	2	1	1	0	10
1	31908961	31910037	2	2	1	1	0	9
1	32037044	32037834	1	1	1	1	0	11
1	32224122	32224409	1	1	1	1	0	5
1	32266278	32276996	1	1	0	0	1	31
1	32282575	32309455	1	1	0	1	0	46
1	32292219	32302620	1	1	1	1	0	35
1	32316783	32324478	1	1	1	1	0	12
1	32332243	32332700	1	1	1	2	0	41
1	32332750	32333016	1	1	1	2	0	13
1	32419461	32424389	2	2	0	0	1	12
1	32780279	32781047	2	2	1	1	0	16
1	32787076	32791161	2	2	1	2	0	14
1	32822488	32824072	2	2	0	0	2	17
1	32840635	32846266	1	1	0	0	1	19
1	32974196	32974363	2	2	0	0	3	42
1	32974241	32974583	2	2	0	0	1	31
1	32974245	32974986	2	2	0	0	1	13
1	32974409	32974583	2	2	0	0	1	41
1	32974413	32974986	2	2	0	0	1	13
1	32974637	32974986	2	2	0	0	1	13
1	32974909	32974986	2	2	0	0	1	13
1	33052079	33052304	1	1	0	0	3	43
1	35187252	35187972	2	2	1	2	0	12
1	35188091	35189002	2	2	1	2	0	29
1	35189088	35189185	2	2	1	1	0	3
1	35325406	35358924	1	1	1	1	0	14
1	35399044	35399481	1	1	1	1	0	33
1	35988004	36003006	1	1	0	0	1	33
1	36137323	36137795	2	2	1	1	0	12
1	36296771	36300885	1	1	1	1	0	39
1	37509324	37509454	2	2	1	1	0	8
1	37509543	37513422	2	2	1	1	0	4
1	37576557	37582222	2	2	1	1	0	19
1	37803998	37804301	2	2	1	1	0	8
1	38839705	38845938	2	2	1	1	0	36
1	38864715	38866879	2	2	1	1	0	27
1	38979061	39075965	2	2	0	0	2	47
1	39014719	39052796	1	1	0	0	1	33
1	39432655	39433047	1	1	1	1	0	15
1	39500877	39506432	2	2	0	0	1	48
1	39743298	39743823	1	1	1	1	0	20
1	39753053	39753286	1	1	1	1	0	31
1	39847661	39847985	2	2	1	1	0	12
1	40413103	40414158	1	1	1	1	0	12
1	40660616	40677240	1	1	0	1	0	20
1	40727764	40728868	2	2	0	0	1	49
1	41117011	41142877	2	2	1	1	0	8
1	42701047	42701980	1	1	1	1	0	17
1	42807501	42816430	2	2	1	1	0	11
1	43135874	43137321	1	1	0	1	0	37
1	43164806	43166825	2	2	1	1	0	9
1	43169029	43170755	2	2	1	1	0	16
1	43350794	43369284	1	1	0	0	1	27
1	43437903	43438698	1	1	1	1	0	8
1	43619574	43619679	1	1	1	1	0	8
1	43956977	43957194	1	1	1	1	0	14
1	44128887	44143789	2	2	0	0	1	48
1	44552685	44595877	2	2	0	0	1	48
1	44753834	44754749	1	1	1	1	0	9
1	44756238	44757555	1	1	1	2	0	14
1	44759349	44760279	1	1	1	1	0	9
1	44766950	44767096	1	1	1	1	0	16
1	44776775	44777613	1	1	1	0	1	35
1	44777790	44777999	1	1	1	1	0	12
1	44801933	44802759	1	1	1	1	0	11
1	45372360	45382652	2	2	0	0	1	36
1	45398420	45423431	2	2	0	0	1	48
1	45514638	45514872	2	2	1	1	0	9
1	45514996	45515653	2	2	1	1	0	34
1	45515808	45518937	2	2	1	1	0	18
1	45519055	45521828	2	2	1	1	0	33
1	45614182	45614292	1	1	1	2	0	37
1	45614367	45615012	1	1	1	1	0	15
1	45866794	45888733	1	1	0	0	1	41
1	46241240	46241367	1	1	0	0	1	45
1	46241240	46241465	1	1	0	0	1	36
1	46303821	46309100	1	1	1	1	0	34
1	46309128	46310154	1	1	1	0	1	28
1	46691938	46696550	2	2	1	1	0	10
1	47350061	47358367	2	2	0	0	1	31
1	47375294	47376703	1	1	1	2	0	16
1	48395355	48399350	2	2	1	1	0	10
1	50490666	50491720	2	2	1	1	0	26
1	50535458	50539591	2	2	1	1	0	15
1	50705892	50738862	2	2	1	2	0	10
1	51772183	51772604	1	1	1	1	0	12
1	51772724	51776832	1	1	1	1	0	4
1	51776919	51781163	1	1	1	1	0	10
1	51789434	51789567	2	2	1	2	0	15
1	51800684	51803813	2	2	1	1	0	9
1	51809402	51810280	2	2	1	1	0	11
1	51836213	51840225	2	2	1	1	0	37
1	51892444	51922778	2	2	0	0	1	46
1	52336590	52342764	2	2	0	0	1	43
1	52354699	52354839	2	2	1	1	0	12
1	52383938	52384549	2	2	1	1	0	18
1	52397864	52401361	2	2	1	1	0	9
1	52688169	52692726	2	2	1	1	0	14
1	52735113	52744018	2	2	0	0	1	43
1	52877844	52877924	1	1	1	1	0	11
1	53807183	53835018	1	1	0	0	1	32
1	54239200	54240904	2	2	1	1	0	32
1	54425552	54432405	2	2	0	0	1	41
1	54535609	54563956	2	2	0	0	1	18
1	54716718	54717491	1	1	1	1	0	16
1	54876048	54883617	2	2	1	2	0	15
1	54907575	54948942	2	2	0	0	1	42
1	56696160	56703970	1	1	1	1	0	15
1	58539311	58541490	2	4	1	1	0	32
1	59538091	59585763	2	2	0	0	1	18
1	59584501	59590769	1	1	0	0	1	50
1	60337403	60378103	2	2	0	1	0	39
1	61681351	61683416	2	2	1	1	0	8
1	61856240	61861550	1	1	1	1	0	13
1	62127730	62140575	2	2	0	0	1	33
1	62445430	62447340	1	1	1	1	0	19
1	63265869	63268025	1	1	0	1	0	32
1	63292690	63300397	1	1	0	0	1	38
1	63371060	63376988	1	1	0	1	0	28
1	63407127	63411145	2	6	1	1	0	36
1	65444186	65450504	2	2	0	0	1	49
1	65547599	65561343	1	1	0	0	1	49
1	66186542	66200552	1	1	0	0	1	36
1	66958221	66958850	1	1	1	1	0	7
1	66963161	66970807	1	1	1	1	0	12
1	67705577	67707593	2	2	1	1	0	10
1	68155261	68159122	2	2	1	1	0	15
1	68270539	68285665	2	2	0	1	0	33
1	71072549	71076794	2	2	1	1	0	45
1	71078709	71080939	2	2	1	1	0	44
1	75750547	75750769	1	1	1	1	0	15
1	77701472	77711746	2	2	1	1	0	9
1	77967667	77968164	2	2	1	1	0	16
1	77968204	77969924	2	2	1	1	0	24
1	80465061	80507339	1	1	0	0	1	29
1	83337009	83350200	2	2	0	0	1	50
1	85117860	85121750	1	1	1	1	0	20
1	85121815	85124120	1	1	1	1	0	16
1	86387087	86396032	2	2	1	1	0	25
1	86724406	86734601	1	1	1	1	0	7
1	86734692	86735078	1	1	1	1	0	3
1	86880726	86903280	2	2	1	2	0	10
1	87339633	87340046	1	1	1	1	0	25
1	88961507	88962058	2	2	1	1	0	13
1	90916991	90918051	2	2	1	1	0	10
1	90953852	90974264	1	1	0	0	1	38
1	91508398	91511596	1	1	1	1	0	15
1	91716709	91719311	2	2	1	1	0	13
1	92833661	92834778	1	1	1	1	0	12
1	92840640	92841765	1	1	1	1	0	39
1	93024821	93031498	2	2	0	1	0	28
1	93110627	93114687	1	3	1	1	0	9
1	93534909	93544106	1	1	1	1	0	9
1	93551106	93552408	1	1	1	1	0	13
1	93873215	93875644	2	2	1	1	0	9
1	94491248	94498601	1	1	1	1	0	5
1	94498680	94498782	1	1	1	1	0	13
1	94560880	94595451	2	2	0	1	0	29
1	94899518	94901668	2	2	1	2	0	8
1	94928403	94931871	1	1	1	1	0	35
1	96132335	96166866	2	2	0	0	1	41
1	96479913	96519750	2	2	0	0	1	31
1	96785255	96804365	1	1	0	1	0	19
1	99880796	99881075	1	1	1	1	0	10
1	99884452	99884568	1	1	1	1	0	13
1	100270681	100273393	1	1	1	1	0	21
1	100273453	100277257	1	1	0	1	0	20
1	100275724	100277257	1	1	1	1	0	15
1	103526263	103527694	1	1	1	1	0	41
1	103527743	103533738	1	1	1	1	0	11
1	108143711	108148278	2	2	1	1	0	20
1	109066233	109074986	2	2	1	1	0	15
1	109154179	109161307	1	1	0	0	1	25
1	109154179	109165482	1	1	0	0	1	25
1	109462009	109466328	2	2	0	1	0	46
1	109466898	109467058	1	1	1	9	0	36
1	109467134	109475580	1	1	1	12	0	47
1	109475706	109476775	1	1	1	14	0	45
1	109476978	109477817	1	1	1	22	0	42
1	109476978	109479377	1	1	0	1	0	17
1	109478010	109479377	1	1	1	9	0	38
1	109479545	109480117	1	1	0	1	0	39
1	109484081	109484766	1	1	0	1	0	32
1	109484081	109486056	1	1	1	8	0	47
1	109484832	109485331	1	1	0	1	0	49
1	109484832	109486056	1	1	0	1	0	41
1	109485510	109486056	1	1	1	2	0	42
1	109485519	109486056	1	1	0	2	0	47
1	109486123	109486505	1	1	1	4	0	30
1	109486123	109487006	1	1	0	3	0	35
1	109486611	109487006	1	1	1	18	0	43
1	109487218	109487517	1	1	1	16	0	49
1	109487805	109488382	1	1	1	13	0	45
1	109488466	109488846	1	1	1	13	0	45
1	109489101	109489929	1	1	1	8	0	42
1	109489707	109489929	1	1	1	1	0	47
1	109490129	109490270	1	1	1	14	0	43
1	109490393	109490921	1	1	1	21	0	46
1	109491718	109492585	1	1	1	27	0	49
1	109492105	109492585	1	1	1	1	0	26
1	109494288	109494519	1	1	1	1	0	12
1	109494288	109495142	1	1	1	2	0	35
1	109495181	109495755	1	1	1	6	0	38
1	109509000	109509419	2	2	1	1	0	32
1	109522726	109523052	2	2	0	1	0	38
1	109523388	109527503	2	2	0	1	0	36
1	109527652	109528119	2	2	0	1	0	32
1	109547032	109547914	2	2	0	2	0	28
1	109548839	109573736	1	1	1	95	10	43
1	109548839	109579231	1	1	0	1	0	28
1	109573780	109573895	1	1	1	142	0	44
1	109573780	109579203	1	1	0	1	0	21
1	109574038	109579203	1	1	1	153	0	49
1	109579362	109582436	1	1	1	192	0	48
1	109582566	109584621	1	1	0	1	0	45
1	109582566	109586215	1	1	1	195	0	50
1	109586346	109586728	1	1	1	90	0	49
1	109586883	109592042	1	1	1	141	0	49
1	109592245	109592344	1	1	0	1	0	28
1	109592256	109592344	1	1	1	193	0	50
1	109603545	109603950	2	2	1	1	0	25
1	109606100	109606307	2	2	1	3	0	31
1	109606437	109608630	2	2	1	2	0	31
1	109612924	109619482	2	2	0	2	0	47
1	109620279	109620913	1	1	1	3	0	43
1	109620279	109625302	1	1	1	10	4	42
1	109620279	109625661	1	1	1	1	0	29
1	109621267	109625302	1	1	1	5	4	43
1	109624090	109625302	1	1	1	0	4	3
1	109625434	109625661	1	1	1	31	0	45
1	109625793	109626159	1	1	1	45	0	48
1	109626229	109626318	1	1	1	57	0	50
1	109626428	109626725	1	1	1	38	0	47
1	109626913	109627174	1	1	1	20	0	49
1	109627317	109627428	1	1	1	29	0	50
1	109627519	109627773	1	1	1	26	0	49
1	109627904	109628082	1	1	1	47	0	48
1	109628278	109628363	1	1	1	56	0	49
1	109628496	109628642	1	1	1	65	0	46
1	109628496	109629108	1	1	0	4	0	38
1	109628807	109629108	1	1	1	9	0	43
1	109629236	109629326	1	1	1	32	0	48
1	109629491	109629795	1	1	1	51	0	49
1	109629491	109629799	1	1	1	8	0	4
1	109629491	109630232	1	1	1	1	0	31
1	109629917	109630232	1	1	1	56	0	47
1	109630407	109630682	1	1	1	35	0	50
1	109630794	109630942	1	1	1	61	0	48
1	109656426	109656711	1	1	1	11	0	49
1	109656788	109657214	1	1	1	6	0	35
1	109657672	109657771	1	1	1	5	0	25
1	109657672	109671286	1	1	0	0	2	24
1	109657873	109658813	1	1	1	4	0	49
1	109658910	109658999	1	1	1	14	0	45
1	109659111	109661164	1	1	1	2	34	47
1	109659111	109665010	1	1	1	1	0	5
1	109659111	109674746	1	1	1	0	33	47
1	109659960	109661164	1	1	1	1	0	42
1	109668152	109668424	1	1	1	56	0	49
1	109668501	109668924	1	1	1	44	0	48
1	109668501	109669289	1	1	0	3	0	46
1	109668990	109669289	1	1	1	12	0	34
1	109669372	109669470	1	1	1	155	0	48
1	109669372	109669635	1	1	1	1	0	9
1	109669372	109671286	1	1	0	0	2	24
1	109669572	109671286	1	1	1	49	0	49
1	109669714	109671286	1	1	0	1	0	35
1	109671383	109671472	1	1	1	51	0	49
1	109671584	109674746	1	1	1	94	4	50
1	109690565	109693205	1	1	1	0	34	47
1	109693467	109693601	2	4	1	10	0	4
1	109737170	109737456	2	2	1	211	0	48
1	109737568	109737655	2	2	1	144	0	50
1	109737752	109738090	2	2	1	128	0	49
1	109738192	109738275	2	2	0	1	0	43
1	109738192	109738284	2	2	1	230	0	49
1	109738367	109739428	2	2	1	107	0	48
1	109739494	109739832	2	2	1	131	0	50
1	109739494	109740239	2	2	1	5	0	46
1	109739909	109740239	2	2	1	92	0	48
1	109911063	109914258	1	1	1	4	0	46
1	109911063	109915633	1	1	1	3	0	28
1	109914382	109915633	1	1	1	5	0	37
1	109915697	109917292	1	1	1	13	0	46
1	109917464	109921846	1	1	1	8	0	39
1	109921995	109923165	1	1	1	11	0	47
1	109921995	109924059	1	1	1	1	0	34
1	109924191	109924775	1	1	1	14	0	50
1	109924829	109925146	1	1	1	10	0	50
1	109925203	109928851	1	1	1	3	0	13
1	109985173	110009033	1	1	1	130	2	47
1	109985544	110009033	1	1	1	1	0	45
1	110004452	110009033	1	1	1	2	0	44
1	110009146	110011213	1	1	1	110	0	50
1	110011358	110011554	1	1	0	1	0	29
1	110011358	110012285	1	1	0	1	0	30
1	110011358	110012361	1	1	1	122	0	50
1	110011358	110012386	1	1	1	5	0	30
1	110012463	110012896	1	1	1	130	0	50
1	110013000	110014762	1	1	1	108	1	47
1	110014858	110015424	1	1	1	173	0	49
1	110014858	110016343	1	1	0	1	0	44
1	110015532	110016343	1	1	1	31	0	50
1	110016461	110016666	1	1	1	165	0	49
1	110016731	110017494	1	1	1	71	0	42
1	110017584	110017945	1	1	1	131	0	50
1	110018017	110018372	1	1	1	169	0	49
1	110018468	110018551	1	1	1	126	0	49
1	110018651	110018874	1	1	0	5	0	44
1	110018651	110019050	1	1	1	70	0	50
1	110018651	110019547	1	1	0	2	0	43
1	110019120	110019547	1	1	1	128	0	49
1	110019627	110020650	1	1	0	1	0	36
1	110019627	110020730	1	1	1	133	0	50
1	110019627	110021673	1	1	0	6	0	46
1	110020852	110021673	1	1	1	143	0	47
1	110032438	110033348	2	2	0	1	0	12
1	110034818	110037887	1	1	0	4	0	42
1	110034818	110037890	1	1	1	58	0	49
1	110037961	110038682	1	1	1	40	0	44
1	110038758	110039171	1	1	1	47	0	49
1	110039307	110039394	1	1	1	21	0	49
1	110039469	110040634	1	1	0	1	0	49
1	110039516	110040634	1	1	1	15	0	49
1	110040704	110041535	1	1	1	42	0	49
1	110040704	110041733	1	1	0	1	0	32
1	110040704	110043087	1	1	0	1	0	26
1	110041643	110041733	1	1	1	33	0	46
1	110041862	110043087	1	1	1	26	0	49
1	110043271	110043638	1	1	1	50	0	49
1	110043857	110044318	1	1	0	7	0	38
1	110043857	110044839	1	1	1	49	0	50
1	110044443	110044839	1	1	0	1	0	33
1	110044906	110045014	1	1	1	81	0	48
1	110044906	110046679	1	1	0	1	0	22
1	110045079	110046679	1	1	1	53	0	47
1	110045079	110047541	1	1	0	2	0	39
1	110046752	110047457	1	1	0	1	0	12
1	110046752	110047541	1	1	1	44	0	47
1	110046752	110047771	1	1	0	1	0	32
1	110047617	110047771	1	1	1	64	0	49
1	110047870	110049111	1	1	1	29	0	47
1	110047870	110050342	1	1	0	10	0	47
1	110049239	110049459	1	1	1	22	0	50
1	110049239	110050342	1	1	0	3	0	41
1	110049561	110050342	1	1	1	70	4	50
1	110050410	110050955	1	1	1	86	4	46
1	110050548	110050955	1	1	0	5	0	31
1	110051061	110051682	1	1	1	60	0	48
1	110051888	110053664	1	1	1	28	0	49
1	110053959	110054662	1	1	0	3	0	35
1	110054803	110072454	1	1	1	1	0	4
1	110072597	110073276	1	1	0	1	0	32
1	110082853	110083403	1	1	0	2	0	26
1	110109029	110109298	1	1	1	1	0	5
1	110109414	110109604	1	1	1	1	0	4
1	110109846	110112849	1	1	0	1	0	31
1	110172218	110173972	1	1	1	1	0	47
1	110174961	110176628	1	1	1	4	0	49
1	110192699	110194578	1	1	1	1	0	37
1	110209205	110209610	2	2	1	1	0	6
1	110212178	110219040	1	1	0	1	0	25
1	110212178	110222963	1	1	1	7	0	45
1	110212178	110225974	1	1	0	1	0	42
1	110223901	110225974	1	1	1	6	2	39
1	110226179	110228532	1	1	1	0	1	3
1	110226179	110232220	1	1	1	5	0	26
1	110226179	110232910	1	1	1	2	0	11
1	110232598	110232910	1	1	1	0	2	5
1	110262958	110292386	2	2	0	1	0	37
1	110292508	110313319	2	2	0	1	0	33
1	110292508	110318764	2	2	1	1	0	9
1	110292508	110331033	2	2	0	1	0	44
1	110339608	110339883	1	1	0	1	0	17
1	110340003	110345538	1	1	0	2	0	43
1	110342269	110345538	1	1	1	8	0	50
1	110342269	110346307	1	1	1	6	0	42
1	110345650	110346307	1	1	1	20	0	48
1	110347888	110351190	1	1	0	1	0	21
1	110347888	110355875	1	1	1	14	0	39
1	110351289	110355875	1	1	0	2	0	33
1	110356032	110363769	1	1	0	1	0	41
1	110356032	110365977	1	1	0	1	0	40
1	110356032	110372139	1	1	0	1	0	33
1	110363894	110375457	2	2	1	6	0	35
1	110377162	110378852	2	2	1	4	0	44
1	110377162	110380981	2	2	1	2	0	30
1	110379357	110380981	2	2	1	10	0	46
1	110381144	110381651	2	2	1	8	0	44
1	110381796	110382833	2	2	1	4	0	30
1	110381796	110389236	2	2	1	4	0	33
1	110382967	110389236	2	2	1	9	0	41
1	110389356	110390864	2	2	1	11	0	47
1	110389356	110403918	2	2	0	1	0	16
1	110390298	110390864	2	2	0	1	0	28
1	110401584	110403918	2	2	1	227	0	48
1	110404037	110406317	2	2	1	285	1	46
1	110406380	110407032	2	2	1	18	0	44
1	110406380	110407585	2	2	1	98	1	48
1	110407129	110407585	2	2	1	1	0	38
1	110407816	110412172	1	3	1	1	0	47
1	110407955	110412172	1	1	1	12	0	49
1	110412294	110414151	1	1	1	5	0	40
1	110412294	110416008	1	1	1	1	0	19
1	110413411	110414151	1	1	1	1	0	8
1	110414232	110416008	1	1	1	3	0	40
1	110416189	110418246	1	1	1	3	0	32
1	110417641	110418246	1	1	1	1	0	41
1	110605723	110606227	2	2	1	1	0	26
1	110659587	110668222	2	2	0	3	0	40
1	110668345	110671475	2	2	0	1	0	12
1	110877686	110927553	2	2	0	3	0	44
1	110927744	110949850	2	2	0	1	0	50
1	110948397	110949850	2	2	0	2	0	45
1	110948400	110949850	2	2	1	33	0	47
1	110950124	110951287	2	2	1	21	0	48
1	110950124	110963620	2	2	1	33	0	49
1	110952808	110963620	2	2	0	3	0	23
1	110952816	110963620	2	2	1	8	0	41
1	111118268	111118804	2	2	1	124	0	49
1	111118898	111119614	2	2	1	1	0	44
1	111118898	111119876	2	2	1	107	0	46
1	111119960	111120515	2	2	1	77	0	49
1	111119960	111120531	2	2	0	9	0	47
1	111119960	111120669	2	2	0	3	0	24
1	111120694	111124741	2	2	1	116	0	50
1	111120694	111126226	2	2	1	5	0	34
1	111124882	111125472	2	2	0	1	0	47
1	111124882	111126226	2	2	1	82	0	50
1	111125651	111126226	2	2	1	3	0	48
1	111126295	111131423	2	2	1	106	0	43
1	111131569	111137522	2	2	1	115	0	49
1	111137587	111139500	2	2	1	56	0	47
1	111139133	111139500	2	2	0	1	0	37
1	111139667	111140037	2	2	1	8	0	40
1	111139712	111140037	2	2	1	4	0	26
1	111139762	111147641	1	1	1	2	0	19
1	111139762	111147825	1	1	0	2	0	38
1	111140308	111147641	1	1	1	11	0	30
1	111148054	111159379	1	1	1	52	0	45
1	111159528	111161154	1	1	1	59	0	50
1	111161297	111167105	1	1	0	6	0	39
1	111161297	111172701	1	1	0	1	0	47
1	111161297	111173113	1	1	0	8	0	34
1	111161297	111174878	1	1	1	65	0	50
1	111167191	111174878	1	1	0	5	0	49
1	111173259	111174878	1	1	1	17	0	49
1	111174964	111182186	1	1	1	43	0	48
1	111174964	111182286	1	1	0	10	0	33
1	111182298	111182298	0	0	1	0	2	1
1	111182319	111182798	1	1	1	40	0	50
1	111182958	111183461	1	1	1	31	0	50
1	111183588	111184190	1	1	1	74	0	45
1	111187682	111188130	2	2	1	1	0	45
1	111236154	111238749	1	1	1	1	0	29
1	111346672	111346909	1	1	1	2	0	39
1	111347050	111347673	1	1	1	1	0	36
1	111347050	111348515	1	1	1	1	0	44
1	111347773	111348515	1	1	1	3	0	45
1	111348647	111350105	1	1	1	1	0	25
1	111350224	111351258	1	1	1	6	0	50
1	111383166	111384448	2	2	0	1	0	30
1	111389880	111391041	2	2	1	1	0	49
1	111415345	111416322	2	2	1	16	0	38
1	111416459	111419609	2	2	1	18	0	47
1	111419727	111421275	2	2	1	9	0	48
1	111421462	111421564	2	2	1	5	0	33
1	111421674	111422926	2	2	1	14	0	40
1	111423052	111423542	2	2	1	8	0	38
1	111423709	111425382	2	2	1	13	0	36
1	111425440	111426436	2	2	1	18	0	50
1	111426642	111442652	2	2	0	1	0	50
1	111426642	111448618	2	2	0	3	0	27
1	111427092	111440691	2	2	0	1	0	12
1	111438826	111440691	2	2	1	1	0	39
1	111441390	111441498	2	2	1	5	0	42
1	111441390	111442024	2	2	1	187	0	50
1	111441605	111442024	2	2	1	2	0	48
1	111442094	111442652	2	2	1	257	0	50
1	111442130	111442652	2	2	1	1	0	7
1	111442762	111443322	2	2	1	130	0	49
1	111443395	111443666	2	2	0	2	0	49
1	111443395	111443866	2	2	1	232	0	50
1	111443922	111444053	2	2	1	180	1	49
1	111444125	111447094	2	2	1	203	1	49
1	111444125	111448618	2	2	0	1	0	32
1	111447145	111447434	2	2	1	52	0	50
1	111447145	111449054	2	2	0	1	0	47
1	111447577	111448618	2	2	1	108	0	49
1	111448805	111449054	2	2	1	69	0	48
1	111449582	111449836	1	1	1	286	1	38
1	111449874	111454210	1	1	1	218	1	45
1	111449874	111454220	1	1	0	1	0	34
1	111449874	111456085	1	1	1	41	0	37
1	111449874	111456629	1	1	0	2	0	36
1	111449874	111476017	1	1	0	1	0	37
1	111454357	111456085	1	1	1	207	0	47
1	111454357	111456629	1	1	0	1	0	46
1	111454357	111460916	1	1	0	1	0	45
1	111456250	111456629	1	1	1	37	0	46
1	111456756	111458041	1	1	0	1	0	27
1	111456756	111459456	1	1	1	25	0	45
1	111459637	111460916	1	1	1	86	1	47
1	111468260	111473954	1	1	0	1	1	29
1	111474031	111476017	1	1	1	4	0	41
1	111476066	111476797	1	1	1	5	0	44
1	111476868	111477333	1	1	1	2	0	42
1	111477776	111477982	1	1	1	3	0	36
1	111609228	111612188	2	2	0	2	0	27
1	111609827	111636673	1	1	0	1	0	21
1	111612342	111612457	2	2	0	1	0	19
1	111627560	111691333	1	1	1	3	0	42
1	111627564	111691333	1	1	1	17	0	48
1	111691418	111695340	1	1	1	16	0	50
1	111695410	111697440	1	1	1	31	0	34
1	111697498	111703335	1	1	1	125	0	49
1	111697498	111703408	1	1	0	3	0	41
1	111697498	111709148	1	1	0	3	0	49
1	111699608	111703335	1	1	0	1	0	34
1	111703477	111704342	1	1	1	40	0	47
1	111704487	111706662	1	1	1	7	0	48
1	111704487	111709148	1	1	1	81	0	49
1	111706778	111709148	1	1	1	4	0	49
1	111709265	111712430	1	1	1	41	0	50
1	111727805	111739185	2	2	1	16	0	50
1	111727805	111755700	2	2	1	1	0	42
1	111738769	111744374	1	1	0	1	0	34
1	111740078	111744374	1	1	1	3	0	49
1	111740078	111746059	1	1	1	2	0	45
1	111740099	111744374	1	1	0	1	0	43
1	111744530	111746059	1	1	1	8	0	41
1	111756226	111756645	1	1	1	46	0	50
1	111756741	111759399	1	1	1	14	0	49
1	111759569	111760473	1	1	1	66	0	50
1	111759569	111760986	1	1	0	2	0	41
1	111760589	111760705	1	1	1	53	0	50
1	111760849	111760973	1	1	0	1	0	44
1	111760849	111760986	1	1	1	56	0	50
1	111761126	111761225	1	1	1	118	0	49
1	111761285	111762254	1	1	1	82	0	47
1	111762338	111762676	1	1	1	32	0	48
1	111762783	111762905	1	1	1	75	0	45
1	111763008	111765736	1	1	1	43	0	49
1	111776279	111777025	2	2	1	1	0	39
1	111780315	111780689	2	2	1	1	0	18
1	111780792	111786943	2	2	1	2	0	29
1	111982799	111989504	2	2	0	2	0	41
1	111991188	111996426	1	1	1	3	0	49
1	112293453	112293530	1	1	0	0	1	13
1	112293453	112293755	1	1	0	0	1	13
1	112293453	112293979	1	1	0	0	1	13
1	112293453	112294079	1	1	0	0	1	13
1	112293805	112294346	1	1	0	0	1	45
1	112294084	112294132	1	1	0	0	2	34
1	112294084	112294350	1	1	0	0	2	34
1	112396273	112412193	1	1	1	2	0	5
1	112396586	112412193	1	1	1	2	0	46
1	112412318	112416156	1	1	1	20	4	47
1	112416265	112448941	1	1	1	40	0	48
1	112449173	112454448	1	1	1	27	4	50
1	112454557	112455930	1	1	1	14	0	45
1	112491082	112492695	1	1	0	1	0	36
1	112516418	112517120	1	1	1	1	0	44
1	112517386	112520279	1	1	1	1	0	45
1	112526112	112540778	2	2	1	8	0	48
1	112526112	112541950	2	2	1	1	0	5
1	112526112	112555867	2	2	1	2	0	27
1	112526962	112540778	2	2	0	1	0	38
1	112539260	112540778	2	2	0	1	0	49
1	112539276	112540778	2	2	1	1	0	34
1	112540873	112541950	2	2	1	7	0	49
1	112542091	112550600	2	2	1	17	0	49
1	112542091	112555867	2	2	1	6	0	43
1	112542091	112576985	2	2	0	2	0	50
1	112550694	112555867	2	2	1	13	0	41
1	112555923	112574769	2	2	0	1	0	49
1	112556019	112576985	2	2	1	14	0	46
1	112577089	112578344	2	2	1	24	0	48
1	112578418	112581991	2	2	1	28	0	47
1	112578418	112582374	2	2	1	2	0	47
1	112582107	112582374	2	2	1	30	0	49
1	112582473	112583971	2	2	1	16	0	49
1	112584127	112591524	2	2	1	24	0	50
1	112584127	112597970	2	2	0	2	0	39
1	112584127	112618908	2	2	0	1	0	27
1	112591604	112597970	2	2	1	26	0	49
1	112591604	112610840	2	2	0	2	0	48
1	112598087	112600793	2	2	1	25	0	49
1	112600849	112610840	2	2	1	32	0	48
1	112600849	112618908	2	2	0	2	0	49
1	112607598	112610840	2	2	1	1	0	14
1	112611004	112616812	2	2	1	53	0	49
1	112611004	112618908	2	2	1	4	0	33
1	112616845	112617890	2	2	0	1	0	32
1	112616845	112618908	2	2	1	1	0	6
1	112616896	112618246	2	2	1	5	0	35
1	112616896	112618908	2	2	1	14	0	50
1	112619140	112619909	2	2	0	1	0	41
1	112619884	112647209	1	1	1	51	0	43
1	112635817	112675011	1	1	0	0	1	14
1	112639961	112640185	1	1	0	0	1	45
1	112640010	112640185	1	1	0	0	1	45
1	112643004	112698756	1	1	0	5	0	13
1	112646795	112647209	1	1	1	1	0	29
1	112647274	112649417	1	1	1	205	0	49
1	112649470	112653597	1	1	1	111	0	47
1	112649470	112654464	1	1	0	9	0	47
1	112649555	112692790	1	1	0	0	5	14
1	112653662	112654464	1	1	1	34	0	47
1	112653662	112654477	1	1	0	1	0	34
1	112654672	112659021	1	1	1	7	0	50
1	112659102	112659700	1	1	1	13	0	32
1	112659780	112667073	1	1	1	8	0	45
1	112667146	112669542	1	1	1	9	0	49
1	112669606	112669895	1	1	0	3	0	47
1	112669606	112669947	1	1	0	1	0	42
1	112669606	112669991	1	1	1	39	0	20
1	112669606	112669995	1	1	0	1	0	14
1	112674730	112674847	1	1	1	4	0	3
1	112675050	112686965	1	1	1	8	0	40
1	112675050	112688934	1	1	1	1509	5	50
1	112678076	112696436	1	1	0	0	1	14
1	112685163	112688934	1	1	1	0	3	3
1	112687107	112688327	1	1	1	6	0	43
1	112687107	112688934	1	1	0	2	0	37
1	112689022	112691755	1	1	0	2	0	15
1	112689050	112702847	1	1	0	0	6	12
1	112689139	112689414	1	1	1	607	11	48
1	112689521	112691755	1	1	0	2	0	43
1	112689651	112689839	1	1	1	138	0	47
1	112690099	112691664	1	1	1	47	0	50
1	112691800	112692760	1	1	1	645	14	48
1	112692918	112694531	2	2	0	0	2	12
1	112692930	112694017	1	1	1	122	0	46
1	112692930	112696147	1	1	0	1	0	39
1	112694173	112694452	1	1	1	1710	2	50
1	112694490	112696436	1	1	0	1	0	19
1	112694630	112694748	1	1	1	128	0	49
1	112694897	112695415	1	1	1	1171	177	49
1	112695575	112696147	1	1	1	69	0	49
1	112696252	112696436	1	1	1	3250	0	50
1	112696252	112696629	1	1	0	1	0	45
1	112696526	112704546	2	2	0	0	6	12
1	112696535	112696629	1	1	1	335	2	48
1	112696847	112697993	1	1	1	1345	7	48
1	112698112	112698286	1	1	1	78	0	49
1	112698368	112698656	1	3	1	7	21	5
1	112698479	112698714	1	1	1	663	2	49
1	112698479	112699684	1	1	0	2	0	38
1	112698790	112699457	1	1	1	3	0	43
1	112698790	112699662	1	1	0	1	0	40
1	112698790	112699684	1	1	1	648	1	49
1	112699811	112699893	1	1	1	894	6	50
1	112699983	112700218	1	1	1	97	0	50
1	112700336	112707130	2	2	0	1	0	14
1	112700341	112700415	1	1	1	252	2	50
1	112701696	112702605	2	4	1	7	0	5
1	112701714	112702562	2	2	1	222	0	49
1	112702694	112702998	2	2	1	219	0	50
1	112703120	112703578	2	2	0	1	0	28
1	112703120	112703643	2	2	1	125	0	49
1	112703807	112705099	2	2	1	24	0	47
1	112703807	112707077	2	2	1	10	0	47
1	112705169	112707077	2	2	1	3	0	31
1	112710311	112710459	2	2	1	9	0	39
1	112710311	112710515	2	2	0	1	0	24
1	112710612	112710743	2	2	1	18	0	40
1	112710852	112711007	2	2	1	6	0	41
1	112711072	112711265	2	2	1	13	0	49
1	112711385	112711970	2	2	1	16	0	48
1	112712056	112712344	2	2	1	4	0	35
1	112712458	112712743	2	2	1	7	0	47
1	112713032	112713496	2	2	1	8	0	49
1	112713612	112714057	2	2	1	1	0	25
1	112713612	112714975	2	2	1	10	0	35
1	112719300	112720576	1	1	0	2	0	30
1	112720635	112722232	1	1	1	2	0	22
1	112759656	112779309	2	2	0	0	1	39
1	112820397	112825924	1	1	0	0	1	33
1	112820542	112823652	2	2	1	2	0	38
1	112898317	112898443	2	2	0	0	1	25
1	112898317	112898492	2	2	0	0	1	25
1	112898321	112898623	2	2	0	0	1	21
1	112898399	112898623	2	2	0	0	1	32
1	112914166	112917177	2	2	1	219	27	49
1	112914198	112917177	2	2	0	1	0	24
1	112918045	112921989	2	2	1	242	0	50
1	112922134	112929091	2	2	1	122	0	50
1	112922134	112956034	2	2	0	1	0	20
1	112929353	112936067	2	2	0	3	0	49
1	112929353	112955275	2	2	1	2	0	49
1	112929353	112956034	2	2	1	204	0	50
1	112955379	112956034	2	2	0	1	0	36
1	112956957	112957558	1	1	0	4	0	40
1	112956957	112960476	1	1	1	14	0	49
1	112957723	112960476	1	1	1	20	0	49
1	112960576	112963971	1	1	1	2	0	3
1	112960576	112968034	1	1	1	20	0	48
1	112966614	113011922	1	1	0	0	1	40
1	112968433	112971119	1	1	0	1	0	24
1	112968433	112971524	1	1	0	1	0	33
1	112969259	112993735	2	2	0	0	1	34
1	112974864	112975987	1	1	0	1	0	32
1	112977477	113010039	1	1	0	0	1	14
1	112999110	113008129	1	1	1	1	0	36
1	113004992	113010039	1	1	0	0	1	14
1	113013630	113025568	1	1	0	1	0	23
1	113014307	113038717	2	2	0	0	1	16
1	113033487	113074838	1	1	0	0	1	14
1	113044321	113074838	1	1	0	0	1	14
1	113045659	113046338	2	2	0	1	0	40
1	113045992	113051785	2	2	0	1	0	17
1	113070137	113070265	1	1	0	0	1	34
1	113073646	113091317	1	1	1	9	0	49
1	113075226	113106241	1	1	0	1	0	20
1	113091384	113092028	1	1	0	3	0	42
1	113091384	113093205	1	1	1	17	0	44
1	113093281	113093429	1	1	1	24	0	50
1	113093289	113093429	1	1	0	1	0	32
1	113093565	113094338	1	1	1	13	0	46
1	113094483	113094611	1	1	1	12	0	50
1	113094756	113095873	1	1	1	32	0	50
1	113096018	113096221	1	1	1	16	0	49
1	113096366	113098704	1	1	1	16	0	48
1	113098786	113100210	1	1	1	23	0	44
1	113100283	113100419	1	1	1	20	0	49
1	113100489	113103608	1	1	1	3	0	31
1	113100489	113107593	1	1	1	2	0	34
1	113103736	113107593	1	1	1	1	0	23
1	113103786	113107593	1	1	1	1	0	10
1	113107758	113110241	1	1	1	18	0	41
1	113110563	113112478	1	1	1	17	0	50
1	113112761	113114426	1	1	1	18	0	48
1	113114877	113116286	1	1	1	23	0	44
1	113116437	113119232	1	1	1	22	0	49
1	113119524	113123874	1	1	1	21	0	50
1	113127308	113135999	2	2	0	0	1	24
1	113283587	113286087	2	2	0	1	0	26
1	113300153	113308503	2	2	0	1	0	32
1	113391350	113403654	1	1	1	2	0	33
1	113391350	113549514	1	1	1	11	0	44
1	113549632	113580541	1	1	1	32	0	41
1	113580662	113585386	1	1	1	21	0	50
1	113585597	113590483	1	1	1	23	2	48
1	113590659	113594480	1	1	1	17	0	48
1	113594561	113614600	1	1	1	26	0	50
1	113594561	113619735	1	1	0	1	0	49
1	113614659	113615326	1	1	0	1	0	16
1	113614659	113619735	1	1	1	19	0	41
1	113615563	113619735	1	1	0	1	0	34
1	113619831	113622805	1	1	1	22	2	48
1	113622995	113641910	1	1	1	13	0	50
1	113642517	113643742	1	1	1	19	0	32
1	113643775	113646485	1	1	1	32	0	32
1	113646643	113649236	1	1	1	13	0	49
1	113649329	113651013	1	1	1	30	0	47
1	113651207	113653829	1	1	1	29	0	47
1	113653508	113688431	1	1	0	0	1	40
1	113654019	113659079	1	1	1	31	0	43
1	113659266	113671733	1	1	1	26	0	48
1	113671837	113672614	1	1	1	11	0	48
1	113672742	113673321	1	1	1	21	0	41
1	113673466	113681197	1	1	1	20	0	44
1	113681337	113682211	1	1	1	5	0	46
1	113681337	113682896	1	1	1	14	0	48
1	113682303	113682896	1	1	1	7	0	48
1	113697726	113698261	2	2	1	8	0	27
1	113698388	113699703	2	2	1	22	0	49
1	113699800	113700192	2	2	0	1	0	25
1	113699800	113700793	2	2	1	7	0	46
1	113700244	113700793	2	2	1	12	0	47
1	113700950	113701552	2	2	0	1	0	37
1	113700950	113704080	2	2	1	27	0	46
1	113700950	113705889	2	2	0	1	0	39
1	113700950	113710253	2	2	0	1	0	46
1	113701822	113704080	2	2	0	1	0	14
1	113704168	113704665	2	2	1	36	0	49
1	113704798	113705889	2	2	1	30	0	50
1	113706163	113706593	2	2	1	20	0	48
1	113706723	113710253	2	2	1	30	0	50
1	113710476	113711745	2	2	1	19	0	50
1	113711836	113711939	2	2	1	38	0	47
1	113712114	113713278	2	2	1	47	0	48
1	113712114	113724758	2	2	0	5	0	36
1	113713439	113724758	2	2	1	48	0	48
1	113724894	113726417	2	2	1	38	0	49
1	113724894	113738161	2	2	0	1	0	25
1	113726459	113738109	2	2	1	1	0	22
1	113726459	113738161	2	2	0	1	0	37
1	113726575	113738109	2	2	1	34	0	50
1	113738269	113738729	2	2	1	49	0	50
1	113738800	113749505	2	2	0	1	0	39
1	113738800	113757698	2	2	1	25	0	43
1	113749590	113757698	2	2	1	1	0	5
1	113757756	113758658	2	2	1	34	0	49
1	113758734	113759022	2	2	1	10	0	46
1	113758849	113759022	2	2	1	3	0	45
1	113761070	113768240	1	1	0	1	0	35
1	113766454	113767098	2	2	1	45	0	46
1	113767208	113768221	2	2	1	15	0	49
1	113768390	113777209	2	2	1	38	0	50
1	113768390	113797810	2	2	0	1	0	31
1	113777353	113777670	2	2	1	25	0	48
1	113777809	113797362	2	2	1	18	1	49
1	113777809	113811709	2	2	0	2	0	34
1	113798037	113811224	2	2	0	1	0	29
1	113798037	113811709	2	2	1	22	0	47
1	113848627	113852026	2	2	1	1	0	28
1	113895199	113896257	2	2	0	1	0	32
1	113895493	113895756	2	2	1	32	0	46
1	113895493	113896257	2	2	0	2	0	27
1	113896039	113896257	2	2	1	16	0	49
1	113896466	113897839	2	2	1	31	0	50
1	113897944	113898717	2	2	1	21	0	46
1	113898047	113898717	2	2	0	2	0	35
1	113898802	113899083	2	2	0	4	0	50
1	113898802	113899124	2	2	0	7	0	44
1	113898802	113899903	2	2	1	22	0	50
1	113899353	113899903	2	2	1	4	0	38
1	113900401	113901235	2	2	1	13	0	48
1	113900401	113902637	2	2	0	2	0	31
1	113900401	113904604	2	2	1	1	0	33
1	113901384	113901754	2	2	1	16	0	48
1	113901384	113901758	2	2	0	1	0	26
1	113901886	113902637	2	2	1	17	0	49
1	113901886	113904604	2	2	1	1	0	48
1	113902863	113904604	2	2	1	12	0	49
1	113904794	113904941	2	2	1	9	0	48
1	113904794	113905582	2	2	0	1	0	50
1	113905776	113906995	1	1	1	15	0	47
1	113905776	113908008	1	1	1	12	0	49
1	113907162	113908008	1	1	1	33	0	49
1	113908192	113911130	1	1	1	53	0	46
1	113911839	113912131	1	1	1	1	0	27
1	113924333	113928243	2	2	1	1	0	27
1	113928389	113929208	2	2	1	3	0	50
1	113928389	113929225	2	2	1	1	0	27
1	113929533	113940381	1	1	1	1	0	49
1	113929940	113940381	1	1	1	20	0	44
1	113930625	113940381	1	1	0	1	0	31
1	113933235	113940381	1	1	1	2	0	30
1	113941460	113952765	1	3	1	34	0	49
1	113952890	113954650	1	1	1	39	4	50
1	113952890	113955562	1	1	0	3	0	49
1	113954771	113955562	1	1	1	52	0	50
1	113955650	113956626	1	1	1	53	0	50
1	113956812	113957123	1	1	1	25	0	49
1	113957287	113958065	1	1	1	32	0	50
1	113958292	113962316	1	1	1	37	0	47
1	113962439	113963386	1	1	1	28	0	50
1	113963522	113966129	1	1	1	33	0	49
1	113963522	113966132	1	1	1	9	0	46
1	113966273	113967765	1	3	1	31	0	48
1	113967949	113968441	1	1	1	33	0	45
1	113968649	113969955	1	1	1	50	0	50
1	113970198	113971823	1	1	1	22	0	46
1	113970198	113971898	1	1	0	2	0	48
1	113971955	113973023	1	1	1	20	4	46
1	113979631	113980331	1	1	1	1	0	4
1	114015170	114021928	2	2	0	1	0	48
1	114090174	114091535	2	2	0	1	0	22
1	114092083	114093734	2	2	1	4	0	45
1	114093804	114097726	2	2	1	2	0	47
1	114099266	114103600	2	2	1	5	0	47
1	114103722	114137494	2	2	1	2	0	9
1	114138054	114139614	2	2	1	7	0	48
1	114139881	114142686	2	2	0	1	0	22
1	114397861	114397939	2	2	1	53	0	49
1	114397861	114399456	2	2	1	25	0	48
1	114397991	114399456	2	2	1	59	0	49
1	114399610	114401388	2	2	1	46	0	49
1	114401464	114402759	2	2	1	43	1	44
1	114401464	114405409	2	2	0	1	0	34
1	114402884	114405409	2	2	1	56	0	50
1	114403270	114405409	2	2	0	1	0	43
1	114405581	114406940	2	2	0	1	0	50
1	114405760	114406940	2	2	1	46	0	49
1	114407101	114408676	2	2	1	37	0	50
1	114408741	114408858	2	2	0	1	0	23
1	114408741	114410183	2	2	1	56	0	47
1	114410317	114420379	2	2	1	8	0	45
1	114410317	114421435	2	2	1	23	0	45
1	114420452	114421435	2	2	1	10	0	46
1	114421637	114424590	2	2	1	40	0	50
1	114424756	114425448	2	2	1	40	0	48
1	114425724	114427176	2	2	1	24	0	47
1	114427295	114427747	2	2	1	46	0	49
1	114427895	114430797	2	2	1	43	0	49
1	114427895	114433616	2	2	0	4	0	48
1	114430913	114433616	2	2	1	55	0	50
1	114433734	114463103	2	2	1	40	0	49
1	114433734	114464269	2	2	0	3	0	49
1	114463237	114463411	2	2	1	33	0	49
1	114463237	114464269	2	2	0	4	0	49
1	114463237	114510550	2	2	0	1	0	39
1	114463557	114464269	2	2	1	34	0	49
1	114464389	114510550	2	2	1	15	0	49
1	114546235	114547960	2	2	0	2	0	48
1	114548198	114569991	2	2	0	2	0	33
1	114568257	114569991	2	2	1	154	0	47
1	114570073	114570699	2	2	1	47	0	35
1	114570751	114575589	2	2	1	2	0	38
1	114570751	114581298	2	2	0	3	0	23
1	114574379	114575589	2	2	0	2	0	33
1	114575752	114576687	2	2	1	65	0	50
1	114575752	114581298	2	2	1	14	0	49
1	114576759	114581298	2	2	1	190	1	50
1	114581392	114581498	2	2	1	159	0	50
1	114581392	114587386	2	2	0	1	0	40
1	114582400	114582524	1	1	0	4	0	44
1	114585632	114587386	2	2	1	10	0	49
1	114585632	114587715	2	2	0	3	0	46
1	114587474	114587715	2	2	1	10	0	47
1	114587953	114588519	2	2	1	0	3	3
1	114587953	114594472	2	2	1	14	3	48
1	114587956	114594472	2	2	0	1	0	39
1	114594579	114595831	2	2	1	12	0	42
1	114595651	114595831	2	2	1	1	0	29
1	114595874	114599273	2	2	1	17	2	43
1	114599452	114600203	2	2	1	9	0	45
1	114600353	114600819	2	2	1	15	0	46
1	114600961	114601507	2	2	1	11	0	46
1	114600961	114602138	2	2	0	1	0	23
1	114601586	114602124	2	2	1	6	0	40
1	114602195	114604921	2	2	1	14	0	47
1	114605032	114608685	2	2	1	12	0	41
1	114608874	114611072	2	2	1	15	0	45
1	114611118	114614732	2	2	0	1	0	49
1	114611118	114618385	2	2	1	14	0	45
1	114618483	114621894	2	2	1	10	0	45
1	114622066	114622881	2	2	0	1	0	49
1	114622066	114622986	2	2	1	20	0	49
1	114623100	114623506	2	2	1	16	0	50
1	114623100	114645447	2	2	0	1	0	41
1	114623644	114625178	2	2	1	10	2	43
1	114626189	114645447	2	2	1	2	0	23
1	114626189	114669982	2	2	1	1	0	23
1	114645560	114654703	2	2	0	1	0	14
1	114673273	114673638	2	2	1	1	0	24
1	114674873	114675529	2	2	1	2	0	30
1	114676004	114677350	2	2	1	1	0	26
1	114693719	114695449	2	2	0	1	0	38
1	114705548	114705861	1	1	0	0	1	15
1	114708051	114708153	2	2	1	128	0	41
1	114708193	114708530	2	2	1	84	0	39
1	114708655	114709568	2	2	1	150	0	50
1	114709729	114713799	2	2	1	149	0	50
1	114713979	114716049	2	2	1	88	0	49
1	114716178	114716657	2	2	1	64	0	49
1	114718217	114718612	2	2	1	299	0	49
1	114718746	114719578	2	2	1	72	0	46
1	114719743	114720538	2	2	1	548	0	42
1	114719883	114720538	2	2	0	9	0	36
1	114720718	114723882	2	2	1	819	0	50
1	114720738	114723882	2	2	0	2	0	37
1	114724003	114725220	2	2	1	934	0	49
1	114724336	114725220	2	2	0	1	0	29
1	114725280	114726319	2	2	0	1	0	43
1	114725334	114726210	2	2	1	1036	0	49
1	114725334	114732716	2	2	0	1	0	40
1	114726387	114726982	2	4	1	824	0	50
1	114727091	114730257	2	2	1	1221	2	50
1	114730423	114730507	2	2	1	647	0	50
1	114730569	114732603	2	2	0	1	0	44
1	114730569	114732732	2	2	0	1	0	35
1	114730649	114732603	2	2	1	482	1	49
1	114732817	114733731	2	2	1	952	1	49
1	114732869	114733731	2	2	0	8	0	45
1	114733858	114733988	2	2	1	681	0	50
1	114734118	114734441	2	2	1	939	0	50
1	114734524	114736757	2	2	1	944	0	50
1	114734607	114736757	2	2	0	1	0	42
1	114736852	114737962	2	2	0	1	0	40
1	114736856	114737470	2	2	1	85	0	49
1	114736856	114737962	2	2	1	858	0	50
1	114737564	114737962	2	2	1	72	0	50
1	114738073	114739691	2	2	1	782	47	49
1	114738073	114739698	2	2	0	2	0	45
1	114738073	114749820	2	2	1	7	49	40
1	114739726	114739835	2	2	0	2	0	28
1	114739891	114741526	2	2	1	6	0	42
1	114739891	114745156	2	2	0	2	0	37
1	114739891	114749820	2	2	1	955	2	50
1	114741616	114749820	2	2	0	1	0	50
1	114741674	114749820	2	2	1	3	0	44
1	114750208	114756181	2	2	0	1	0	36
1	114750208	114756776	2	4	1	2	0	28
1	114750208	114757924	2	2	1	130	0	46
1	114774373	114776345	2	2	1	78	0	49
1	114774373	114779141	2	2	1	1	0	41
1	114776460	114779141	2	2	1	86	0	50
1	114779051	114779141	2	2	0	1	0	36
1	114779285	114780109	2	2	1	87	4	49
1	114779285	114780386	2	2	1	2	4	48
1	114779285	114780436	2	2	0	1	0	38
1	114779285	114780448	2	2	1	15	0	50
1	114780216	114780436	2	2	1	7	0	31
1	114780216	114780448	2	2	1	68	0	43
1	115043373	115054922	1	1	0	0	1	20
1	115050556	115053378	2	2	1	11	0	48
1	115050556	115057536	2	2	1	2	0	28
1	115053463	115057536	2	2	1	14	0	43
1	115057609	115058882	2	2	1	27	0	43
1	115058982	115060463	2	2	1	18	0	47
1	115060539	115062134	2	2	1	11	0	49
1	115062233	115072904	2	2	1	2	0	4
1	115073008	115089363	2	2	1	5	0	42
1	115286808	115293626	2	2	1	2	0	7
1	115532625	115532793	1	1	0	1	0	43
1	115565309	115569878	2	2	0	0	1	13
1	115642087	115651276	1	1	1	4	0	41
1	115651485	115659640	1	1	1	24	0	46
1	115651489	115659640	1	1	0	1	0	37
1	115659774	115663660	1	1	1	29	6	49
1	115664269	115682363	1	1	1	20	0	49
1	115682498	115683943	1	1	1	22	0	48
1	115684077	115685292	1	1	1	22	0	49
1	115685528	115691118	1	1	1	19	0	49
1	115702996	115705191	2	2	1	1	0	11
1	115834350	115834882	2	2	0	1	0	36
1	115838381	115839458	2	2	0	1	0	43
1	115838381	115839480	2	2	0	2	0	45
1	115838381	115840215	2	2	1	1	0	44
1	115839751	115840215	2	2	0	2	0	30
1	115840545	115840947	2	2	1	4	0	36
1	115976715	115992030	1	1	1	2	0	30
1	115992244	115996873	1	1	0	1	0	38
1	115992244	116019581	1	1	1	10	0	46
1	116019715	116020720	1	1	1	10	0	44
1	116020886	116026892	1	1	1	4	0	49
1	116020886	116031365	1	1	0	1	0	36
1	116027023	116027115	1	1	0	3	0	50
1	116027023	116031365	1	1	1	5	0	44
1	116027217	116031365	1	1	0	1	0	47
1	116027217	116031402	1	1	0	3	0	27
1	116031582	116031711	1	1	0	6	0	47
1	116031582	116032646	1	1	0	4	0	32
1	116031582	116033757	1	1	0	1	0	33
1	116031582	116035186	1	1	1	7	0	44
1	116031812	116032646	1	1	0	1	0	44
1	116032801	116033757	1	1	0	4	0	36
1	116032801	116035186	1	1	1	1	0	28
1	116032811	116033757	1	1	0	4	0	27
1	116033872	116035186	1	1	0	6	0	45
1	116035328	116037302	1	1	1	10	0	49
1	116037389	116062761	1	1	1	3	0	47
1	116062883	116064435	1	1	1	9	0	44
1	116064509	116066519	1	1	1	1	0	4
1	116066709	116067018	1	1	1	13	0	45
1	116074089	116078816	1	1	0	1	0	42
1	116111511	116112406	1	1	0	1	0	25
1	116111811	116112406	1	1	1	1	0	47
1	116112664	116120931	1	1	1	2	0	44
1	116124358	116127465	1	1	1	2	0	35
1	116128340	116133131	1	1	1	3	0	33
1	116373524	116384013	1	1	1	374	0	48
1	116374242	116384013	1	1	1	2	0	40
1	116384125	116384782	1	1	1	321	0	49
1	116384843	116387287	1	1	1	346	0	49
1	116384843	116387451	1	1	0	1	0	32
1	116387492	116388130	1	1	1	355	0	49
1	116388245	116388637	1	1	1	849	0	49
1	116388245	116388641	1	1	0	1	0	44
1	116388773	116388901	1	1	1	410	0	50
1	116389020	116389438	1	1	1	969	0	50
1	116389020	116390212	1	1	0	1	0	14
1	116389574	116396667	1	1	0	0	1	12
1	116389708	116390212	1	1	1	540	1	50
1	116390412	116390781	1	1	1	357	0	49
1	116390892	116392853	1	1	1	559	0	49
1	116392989	116393530	1	1	1	660	0	49
1	116393724	116395109	1	1	1	504	0	50
1	116395286	116396597	1	1	1	289	0	49
1	116396735	116397887	1	1	1	591	3	50
1	116398039	116398620	1	1	1	570	0	48
1	116398790	116398929	1	1	1	467	0	50
1	116399085	116399419	1	1	1	889	0	50
1	116399544	116400860	1	1	1	483	0	50
1	116401007	116401129	1	1	1	330	0	50
1	116401261	116401553	1	1	1	588	0	49
1	116401656	116403883	1	1	1	626	0	47
1	116401656	116404415	1	1	0	1	0	13
1	116403711	116405606	2	2	0	1	0	21
1	116403976	116404415	1	1	1	520	0	50
1	116406149	116418458	2	2	0	2	0	12
1	116413914	116418458	2	2	0	3	0	30
1	116455216	116466189	2	2	1	1	0	29
1	116463938	116466189	2	2	1	2	0	45
1	116505140	116519230	2	2	0	1	0	14
1	116514823	116519230	2	2	1	21	0	37
1	116514823	116521905	2	2	0	1	0	22
1	116519268	116521905	2	2	1	26	0	45
1	116521984	116535964	2	2	1	33	0	45
1	116521984	116544310	2	2	1	1	0	31
1	116535875	116567879	2	2	0	0	1	13
1	116536229	116544310	2	2	1	38	0	42
1	116544605	116570902	2	2	1	18	1	40
1	116544605	116579391	2	2	0	1	0	21
1	116577563	116579391	2	2	1	32	0	46
1	116579878	116584644	2	2	1	25	0	50
1	116585053	116588693	2	2	1	8	0	50
1	116589105	116599940	2	2	1	32	0	47
1	116600346	116603623	2	2	1	18	0	50
1	116604026	116606491	2	2	1	4	0	48
1	116604026	116607941	2	2	1	16	0	44
1	116606552	116607941	2	2	1	4	0	44
1	116608332	116613764	2	2	1	9	0	30
1	116614176	116616079	2	2	1	18	0	47
1	116616458	116666283	2	2	1	23	0	49
1	116666957	116667617	2	2	1	6	0	41
1	116880077	116882550	1	1	0	1	0	29
1	116909726	116949191	1	1	0	1	0	29
1	116910253	116941714	1	1	1	17	0	49
1	116931215	116941714	1	1	0	1	0	12
1	116942084	116944678	1	1	1	7	0	27
1	116945093	116949191	1	1	1	7	0	47
1	116949296	116961378	1	1	0	1	0	16
1	116949573	116961242	1	1	1	33	0	50
1	116961669	116966910	1	1	1	29	0	49
1	116967331	116974215	1	1	1	43	0	50
1	116974324	116984679	1	1	1	11	0	47
1	116984986	116986800	1	1	1	25	0	47
1	117011967	117013405	1	1	1	1	0	20
1	117013793	117017089	1	1	1	1	0	36
1	117018435	117023173	2	2	0	1	0	42
1	117018561	117021572	1	1	1	2	0	46
1	117019400	117021572	1	1	0	2	0	23
1	117025905	117033859	1	1	1	1	0	42
1	117026787	117050166	2	2	0	1	0	22
1	117034116	117050166	2	2	0	2	0	38
1	117050335	117059372	2	2	1	1	0	23
1	117060375	117060454	1	1	1	10	0	31
1	117060558	117062386	1	1	1	27	0	48
1	117062474	117073660	1	1	1	21	0	40
1	117062474	117074869	1	1	0	1	0	35
1	117073728	117074869	1	1	1	21	0	47
1	117075860	117076179	1	1	1	56	0	48
1	117076295	117076640	1	1	1	49	0	47
1	117076824	117077894	1	1	0	5	0	48
1	117076824	117077915	1	1	1	28	0	50
1	117078044	117079567	1	1	1	44	1	50
1	117079650	117081827	1	1	1	35	0	50
1	117079650	117081830	1	1	0	5	0	49
1	117081948	117084017	1	1	1	27	0	49
1	117081948	117086416	1	1	0	1	0	24
1	117081948	117088800	1	1	0	1	0	30
1	117084169	117086416	1	1	1	46	0	49
1	117086523	117088800	1	1	1	50	0	49
1	117086782	117088800	1	1	0	1	0	40
1	117088983	117090054	1	1	1	39	0	50
1	117088983	117090531	1	1	0	1	0	15
1	117090209	117090531	1	1	1	79	0	49
1	117090624	117091327	1	1	1	51	0	48
1	117091411	117091816	1	1	1	39	0	48
1	117091951	117092480	1	1	0	1	0	47
1	117091951	117092730	1	1	1	24	0	45
1	117092902	117095308	1	1	1	78	0	49
1	117095368	117096148	1	1	1	49	0	49
1	117096300	117097350	1	1	1	50	0	50
1	117096300	117098205	1	1	1	3	0	33
1	117096300	117098832	1	1	0	3	0	48
1	117097434	117098205	1	1	1	4	0	33
1	117097434	117098832	1	1	1	52	0	50
1	117098239	117098832	1	1	1	5	0	33
1	117098908	117101379	1	1	1	87	0	47
1	117098999	117109694	1	1	0	0	1	12
1	117101563	117102193	1	1	1	7	0	46
1	117101563	117102266	1	1	0	3	0	27
1	117111213	117112094	2	2	1	2	0	49
1	117112454	117113358	2	2	1	9	0	38
1	117113486	117115574	2	2	1	18	6	50
1	117115685	117116615	2	2	0	1	0	31
1	117115690	117116615	2	2	1	30	0	50
1	117116746	117118033	2	2	1	23	0	41
1	117116746	117118087	2	2	1	2	0	26
1	117118768	117120713	2	2	1	20	0	49
1	117119100	117120793	1	1	0	1	0	40
1	117368486	117402185	1	1	1	33	0	49
1	117402442	117405548	1	1	1	51	0	47
1	117405646	117414712	1	1	1	30	0	48
1	117414832	117420568	1	1	1	50	0	47
1	117420650	117421455	1	1	0	1	0	22
1	117420650	117441314	1	1	0	3	0	37
1	117420650	117442230	1	1	1	40	2	49
1	117420650	117460488	1	1	0	1	0	36
1	117429676	117430176	2	2	0	0	1	23
1	117441511	117442230	1	1	0	2	0	47
1	117442326	117456084	1	1	0	1	0	44
1	117442326	117460488	1	1	1	34	1	50
1	117442326	117493146	1	1	0	3	0	31
1	117456245	117460488	1	1	0	1	0	20
1	117460613	117461536	1	1	0	1	0	22
1	117460613	117466333	1	1	1	22	0	41
1	117466428	117493146	1	1	1	24	0	49
1	117493263	117496762	1	1	1	26	0	45
1	117496983	117499381	1	1	1	20	0	49
1	117499555	117502854	1	1	1	40	0	49
1	117502971	117522824	1	1	1	49	0	49
1	117522938	117523249	1	1	1	5	0	34
1	117522938	117525088	1	1	1	0	1	3
1	117522938	117536744	1	1	0	1	0	44
1	117606154	117622841	1	1	1	2	0	47
1	117870617	117877775	2	2	1	3	0	47
1	117870617	117878008	2	2	1	12	0	47
1	117877842	117878008	2	2	1	2	0	19
1	117878116	117896832	2	2	0	1	0	40
1	117878153	117881822	2	2	1	24	0	45
1	117881878	117883487	2	2	1	28	0	50
1	117883628	117886576	2	2	1	13	0	42
1	117883628	117896832	2	2	0	1	0	39
1	117886654	117887697	2	2	1	29	0	46
1	117887775	117896832	2	2	1	15	0	38
1	117894098	117896832	2	2	0	1	0	36
1	117896990	117899056	2	2	1	16	0	44
1	117899217	117906505	2	2	1	22	0	49
1	117902789	117906505	2	2	0	1	0	49
1	117906583	117911993	2	2	1	18	0	40
1	117912083	117912529	2	2	1	17	0	50
1	117912684	117913419	2	2	1	2	0	48
1	117912684	117918596	2	2	1	25	0	50
1	117918737	117920181	2	2	1	23	0	48
1	117920425	117929447	2	2	1	5	0	48
1	117929783	117933287	1	1	1	10	0	26
1	117929925	117933287	1	1	1	16	0	49
1	117933491	117933629	1	1	0	1	0	32
1	117933491	117934472	1	1	1	67	0	42
1	117933491	117938479	1	1	0	1	0	43
1	117933741	117934472	1	1	1	1	0	42
1	117934683	117936768	1	1	1	148	0	50
1	117936888	117938479	1	1	1	110	0	50
1	117938559	117939476	1	1	1	115	0	50
1	117939573	117940826	1	1	1	103	0	50
1	117940941	117941123	1	1	1	112	0	49
1	117941226	117941749	1	1	1	75	0	47
1	117941848	117942436	1	1	1	148	0	49
1	117942545	117943395	1	1	1	110	0	50
1	117943627	117946085	1	1	1	78	0	49
1	117946180	117948404	1	1	1	73	0	50
1	117948507	117949750	1	1	1	87	0	48
1	117949837	117949994	1	1	1	114	0	49
1	117950131	117950833	1	1	1	126	0	49
1	117950891	117951975	1	1	1	129	0	50
1	117952077	117952296	1	1	1	128	0	50
1	117952409	117952527	1	1	1	92	0	49
1	117952663	117952945	1	1	1	133	0	50
1	117952997	117953475	1	1	1	148	0	48
1	117953542	117954006	1	1	1	183	0	50
1	117954100	117954579	1	1	1	87	0	48
1	117954628	117955314	1	1	1	129	0	44
1	117955359	117957067	1	1	1	112	0	44
1	117957197	117958909	1	1	1	134	0	50
1	117957197	117959291	1	1	0	1	0	23
1	117959004	117959291	1	1	1	119	0	49
1	117959004	117959493	1	1	0	1	0	29
1	117963939	117966608	2	6	1	1	0	29
1	117966754	117970055	2	2	1	1	0	45
1	117970117	117971862	2	2	1	2	0	45
1	117973562	117981269	2	2	1	1	0	9
1	117984783	117987833	2	2	1	2	0	43
1	117996501	117996597	2	2	1	2	0	31
1	118008199	118012227	2	2	1	1	0	45
1	118012373	118015964	2	2	1	2	0	27
1	118036884	118039291	2	2	1	1	0	8
1	118054094	118055732	2	2	1	1	0	25
1	118081643	118085921	2	2	1	1	0	21
1	118086785	118086870	2	2	1	2	0	42
1	118091719	118091929	2	4	1	3	0	34
1	118092003	118115309	2	2	0	1	0	32
1	118101927	118115309	2	2	1	2	0	43
1	118115442	118150542	2	2	1	2	0	37
1	118138041	118148139	1	1	0	1	0	42
1	118150630	118151228	2	2	1	1	0	44
1	118151370	118185070	2	2	1	1	0	14
1	118914180	118923435	2	2	1	1	0	47
1	118923604	118924645	2	2	1	1	0	30
1	118926612	118931618	2	2	1	1	0	47
1	119033360	119034094	2	2	1	28	0	45
1	119034214	119042263	2	2	1	27	0	49
1	119034214	119045581	2	2	1	2	0	37
1	119034990	119042263	2	2	0	1	0	36
1	119042350	119045581	2	2	1	39	0	47
1	119045663	119076349	2	2	1	35	0	49
1	119045663	119076520	2	2	0	1	0	48
1	119076608	119140267	2	2	0	2	0	29
1	119076608	119140554	2	2	1	18	1	41
1	119140794	119141746	1	1	1	1	0	48
1	119140794	119146358	1	1	0	2	0	49
1	119140794	119146952	1	1	1	11	0	46
1	119140794	119150564	1	1	1	2	0	48
1	119141814	119146358	1	1	0	3	0	32
1	119146837	119146923	1	1	0	2	0	20
1	119146837	119146952	1	1	1	7	0	32
1	119147070	119150564	1	1	1	41	0	50
1	119147070	119150572	1	1	0	1	0	22
1	119150653	119150792	1	1	1	1	0	15
1	119150747	119160588	1	1	0	1	0	45
1	119150747	119178643	1	1	0	2	0	28
1	119150747	119233457	1	1	1	0	2	3
1	119150747	119261446	1	1	1	2	0	5
1	119172823	119178643	1	1	0	3	0	49
1	119328288	119328743	1	1	1	2	0	41
1	120441490	120442840	1	1	1	0	2	26
1	120447842	120449192	1	1	1	0	2	26
1	120548502	120548640	2	2	1	0	1	13
1	143638298	143638698	1	1	0	0	1	45
1	143638298	143638747	1	1	0	0	1	45
1	144429864	144433772	2	2	1	0	1	35
1	144433825	144435110	2	2	1	0	1	13
1	144435854	144436894	2	2	1	1	0	47
1	144448917	144450771	2	2	1	1	0	9
1	145395142	145399048	2	2	1	0	1	35
1	145399101	145400388	2	2	1	0	1	13
1	145993887	145994015	2	2	1	1	0	21
1	146073552	146074270	2	2	1	0	1	40
1	146076758	146077466	2	2	1	0	1	49
1	146078288	146079006	2	2	1	0	1	40
1	146083018	146083736	2	2	1	0	1	40
1	146087745	146088463	2	2	1	0	1	40
1	146092463	146093181	2	2	1	0	1	40
1	146097185	146097903	2	2	1	0	1	40
1	146101907	146102625	2	2	1	0	1	40
1	146106625	146107343	2	2	1	0	1	40
1	146109803	146110511	2	2	1	0	1	49
1	146114521	146115229	2	2	1	0	1	49
1	146119247	146119955	2	2	1	0	1	49
1	146128283	146132185	2	2	1	0	1	35
1	146132238	146133522	2	2	1	0	1	13
1	146971395	146972750	1	1	1	1	0	7
1	146984986	146985704	1	1	1	0	1	4
1	146985757	146986351	1	1	1	0	1	44
1	146986525	146987233	1	1	1	0	1	36
1	146989747	146990465	1	1	1	0	1	4
1	146990518	146991112	1	1	1	0	1	44
1	146991286	146991994	1	1	1	0	1	36
1	147949591	147949892	2	2	0	0	1	41
1	148004398	148019207	2	2	0	1	0	27
1	148106233	148106941	2	2	1	0	1	36
1	148107115	148107710	2	2	1	0	1	44
1	148107763	148108481	2	2	1	0	1	4
1	148539583	148540178	2	2	1	0	1	25
1	148540231	148540949	2	2	1	0	1	23
1	148544297	148544892	2	2	1	0	1	25
1	148544945	148545663	2	2	1	0	1	23
1	148549005	148549600	2	2	1	0	1	25
1	148549653	148550371	2	2	1	0	1	23
1	148553713	148554308	2	2	1	0	1	25
1	148554361	148555079	2	2	1	0	1	23
1	148558425	148559020	2	2	1	0	1	25
1	148559073	148559792	2	2	1	1	1	32
1	148562288	148562996	2	2	1	0	1	49
1	148567004	148567712	2	2	1	0	1	49
1	148571734	148572442	2	2	1	0	1	49
1	148574930	148575638	2	2	1	0	1	49
1	148579238	148583140	2	2	1	0	1	35
1	148583193	148584470	2	2	1	0	1	13
1	148962289	148962427	1	1	1	0	1	13
1	149051632	149075042	2	2	0	0	1	48
1	149065690	149069593	2	2	1	0	1	35
1	149069646	149070933	2	2	1	0	1	13
1	149480885	149482174	1	1	1	0	1	13
1	149482227	149486129	1	1	1	0	1	35
1	150077780	150081341	1	1	1	1	0	32
1	150151059	150156065	1	1	1	1	0	14
1	150220762	150223185	2	2	1	2	0	49
1	150223241	150226607	2	2	1	1	0	30
1	151087086	151091318	2	2	0	0	1	34
1	151137800	151137985	2	2	1	1	0	14
1	151182260	151196791	2	2	0	0	1	25
1	151188269	151196791	2	2	0	0	1	25
1	151242568	151246919	1	1	1	1	0	37
1	151246966	151247862	1	1	1	1	0	17
1	151429712	151430665	2	2	1	1	0	17
1	151761553	151762104	2	2	1	1	0	12
1	153663277	153664042	2	2	1	1	0	40
1	153667658	153667999	2	2	1	1	0	39
1	153668558	153669835	2	2	1	1	0	43
1	153669879	153670170	2	2	1	1	0	9
1	153757764	153759525	1	1	1	1	0	11
1	153762848	153763232	1	1	1	1	0	10
1	153974836	153975825	2	2	1	1	0	12
1	153982809	153983218	2	2	1	1	0	38
1	153990803	153991114	1	1	1	1	0	26
1	154213947	154214456	2	2	1	1	0	16
1	154214575	154220341	2	2	1	1	0	10
1	154228726	154234590	1	1	1	1	0	10
1	154235292	154236565	1	1	1	1	0	18
1	154246376	154249238	1	1	1	1	0	19
1	154251319	154251480	1	1	1	1	0	18
1	154254891	154255151	1	1	1	1	0	13
1	154429445	154430482	1	1	1	1	0	18
1	154552465	154552735	2	2	1	1	0	15
1	154553173	154554734	2	2	1	2	0	49
1	154596939	154597224	2	2	0	1	0	16
1	154596996	154597122	2	2	1	1	0	7
1	154597268	154597827	2	2	1	1	0	41
1	154925266	154926353	2	2	1	1	0	14
1	155169561	155169790	2	2	1	2	0	37
1	155253733	155253858	2	2	1	1	0	12
1	155318022	155318168	1	1	1	1	0	42
1	155349460	155352705	2	2	0	1	0	19
1	155420780	155421600	1	1	0	0	1	33
1	155460544	155470394	1	1	0	0	1	33
1	155482450	155521099	2	2	1	1	0	16
1	155661799	155686178	1	1	0	0	1	50
1	155874867	155903429	1	1	0	0	1	43
1	156136437	156136920	1	1	1	1	0	34
1	156179615	156181852	2	2	0	0	3	36
1	156266381	156266540	2	2	1	1	0	26
1	156319018	156320838	2	2	1	1	0	10
1	156333644	156334712	2	2	1	1	0	15
1	156557289	156557658	1	1	0	0	1	32
1	156557289	156558023	1	1	0	0	1	32
1	156557289	156558242	1	1	0	0	1	34
1	156557799	156557974	1	1	0	0	1	31
1	156557926	156558023	1	1	0	0	1	32
1	156557926	156558242	1	1	0	0	1	34
1	156592210	156592364	1	1	1	1	0	35
1	156592671	156593407	1	1	1	1	0	8
1	156598122	156598226	2	2	1	1	0	16
1	156684202	156696524	1	1	0	0	1	22
1	156700077	156700541	2	2	1	1	0	7
1	156737777	156738422	2	4	0	1	0	16
1	156738439	156738521	2	2	1	1	0	16
1	156782330	156786607	1	1	1	1	0	14
1	160283640	160285054	2	2	1	1	0	14
1	160297965	160331734	1	1	0	1	0	39
1	160325653	160332447	2	2	1	1	0	10
1	160339983	160340180	2	2	1	1	0	12
1	161751782	161751865	1	1	1	1	0	11
1	163235393	163248529	2	2	0	1	0	17
1	163248599	163306232	2	2	1	1	0	14
1	163347939	163348944	1	1	1	1	0	44
1	164626097	164792493	1	1	1	1	0	21
1	168191501	168196546	1	1	1	1	0	9
1	168196643	168198918	1	1	1	1	0	9
1	169954111	169961045	2	2	1	1	0	6
1	171527845	171532342	1	1	1	1	0	13
1	173866568	173866760	2	2	1	1	0	22
1	173866797	173866990	2	2	1	2	0	35
1	174349118	174349242	2	2	0	0	1	34
1	176396523	176396699	2	2	0	0	1	36
1	178296903	178337962	2	2	0	1	0	30
1	179260218	179271447	1	1	0	0	1	45
1	179851364	179852631	2	2	1	1	0	17
1	182874955	182876049	1	1	1	1	0	36
1	182876542	182876829	1	1	1	2	0	40
1	182876904	182878020	1	1	1	1	0	39
1	183133551	183134659	1	1	1	1	0	15
1	183138376	183140403	1	1	0	1	0	13
1	183875702	183900990	2	2	0	0	1	27
1	185301197	185301433	2	2	1	1	0	22
1	186318829	186320311	2	2	1	2	0	16
1	186326236	186327459	2	2	1	1	0	10
1	186339773	186341027	2	2	1	2	0	11
1	186367983	186370969	2	2	1	1	0	15
1	193023947	193027874	2	2	1	1	0	8
1	193027956	193028084	2	2	1	1	0	11
1	193437490	193437575	2	2	0	1	0	49
1	200589370	200590124	2	2	1	1	0	12
1	201852193	201853010	1	1	1	1	0	10
1	201858554	201858854	1	1	1	1	0	18
1	201872962	201874249	1	1	1	1	0	13
1	201874937	201875151	1	1	1	1	0	17
1	201957381	201957510	1	1	1	2	0	10
1	201957575	201963615	1	1	1	1	0	21
1	201996576	201997845	2	2	0	0	1	39
1	202138449	202144449	2	2	1	1	0	12
1	202333336	202333449	2	2	1	1	0	11
1	203861714	203862195	1	1	1	1	0	15
1	203862227	203863662	1	1	0	1	0	31
1	203865120	203869876	1	1	1	5	1	49
1	204470278	204486311	2	2	0	0	1	20
1	211516409	211540786	2	2	0	0	1	18
1	211520218	211562786	1	1	0	0	1	37
1	211547181	211562781	2	2	0	0	1	42
1	212043119	212044659	1	1	1	1	0	15
1	212065801	212072858	1	1	0	0	1	30
1	212320629	212320943	2	2	0	1	0	41
1	212894012	212933531	1	1	0	0	1	42
1	214134982	214142063	1	1	0	0	1	23
1	215602202	215604131	1	1	1	1	0	15
1	217523836	217523983	2	4	0	1	0	39
1	220001256	220005247	2	2	1	1	0	12
1	220022519	220024263	2	2	1	2	0	11
1	220069433	220072849	2	2	1	1	0	13
1	220096227	220100489	1	1	1	1	0	9
1	220138044	220139007	1	1	1	2	0	15
1	220882349	220884194	1	1	1	1	0	12
1	222477154	222477246	2	2	0	0	1	25
1	222486122	222489588	2	2	1	0	1	45
1	222486122	222504365	2	2	1	0	1	28
1	222992111	222994884	1	1	1	1	0	35
1	223766432	223769840	1	1	1	1	0	11
1	223863909	223880967	2	2	0	1	0	13
1	223945707	224030703	2	2	0	1	2	30
1	223952292	223952384	2	2	1	0	3	29
1	223961233	223962076	2	2	1	0	1	45
1	224194943	224200313	1	1	0	0	1	24
1	224232183	224233200	2	2	1	0	1	3
1	224268134	224275338	2	2	1	1	0	13
1	224326465	224330070	2	2	1	1	0	24
1	225501071	225504990	2	2	1	1	0	20
1	225562358	225586810	1	1	0	0	1	31
1	225674948	225729392	2	2	0	2	0	37
1	225877595	225879219	2	2	1	1	0	14
1	225920621	225921207	2	2	1	1	0	12
1	225960293	225960576	1	1	0	0	1	43
1	226212121	226218908	1	1	0	0	1	34
1	226212121	226228278	1	1	0	0	1	34
1	226365155	226365953	2	2	1	1	0	13
1	226370518	226374225	2	2	1	2	0	40
1	226381209	226383035	2	2	1	1	0	13
1	226383184	226385503	2	2	1	2	0	10
1	226386443	226388655	2	2	1	1	0	19
1	226388756	226390409	2	2	1	1	0	16
1	227129232	227139575	2	2	1	1	0	23
1	227254156	227317004	2	2	1	1	0	11
1	227651077	227654335	1	1	1	1	0	10
1	228097716	228097851	1	1	1	1	0	15
1	228147545	228147614	1	1	1	1	0	3
1	228147700	228148370	1	1	1	1	0	12
1	229388719	229392673	1	1	0	1	0	37
1	229431643	229431720	2	2	1	0	1	45
1	229442041	229444913	2	2	1	1	0	11
1	229452644	229458160	2	2	1	1	0	11
1	229495566	229495891	2	2	1	1	0	15
1	229496048	229498135	2	2	1	1	0	8
1	229923274	229925654	2	2	0	1	0	28
1	231265788	231266013	1	1	1	1	0	7
1	231339869	231347796	1	1	1	1	0	12
1	234433572	234437274	2	2	1	1	0	8
1	235015557	235063925	2	2	0	0	1	44
1	235454316	235455558	2	2	1	1	0	12
1	236038254	236041909	2	2	1	1	0	15
1	236104448	236136766	1	1	0	1	0	33
1	236387046	236387143	1	1	0	0	1	31
1	236387095	236387192	1	1	0	0	1	36
1	236387144	236387192	1	1	0	0	1	42
1	236885220	236886291	1	1	1	1	0	13
1	243066242	243067090	2	2	1	0	1	45
1	243079053	243081889	2	2	1	0	1	28
1	244689343	244691878	1	1	1	1	0	49
1	244743425	244770645	2	2	0	0	1	21
1	244856159	244856456	2	4	1	1	0	15
1	244856626	244856727	2	2	1	1	0	14
1	244856857	244857597	2	2	1	1	0	15
1	244858842	244859274	2	2	1	1	0	32
1	245017327	245059385	1	1	1	1	0	16
1	246355095	246507053	2	2	1	1	0	10
1	246646065	246652789	1	1	0	0	1	39
1	247121769	247123971	1	1	0	0	1	34
